      0/69     10.6G      1.88      1.13      3.49      6.51       162       608     0.131     0.248     0.178     0.141       1.4     0.732      1.81
      1/69     10.6G      1.25     0.594      1.56      3.41       184       608     0.231     0.386     0.284     0.245      1.21     0.559      1.23
      2/69     10.6G      1.11     0.483      1.12      2.71       164       608      0.27     0.474     0.374     0.311     0.998     0.475     0.986
      3/69     10.6G      1.02     0.435      0.96      2.42       132       608     0.287     0.515     0.419      0.35     0.998     0.452     0.873
      4/69     10.6G     0.973     0.401     0.799      2.17       148       608     0.267     0.558     0.466      0.35      0.93     0.412     0.758
      5/69     10.6G     0.933     0.378     0.719      2.03       153       608     0.278      0.56     0.462     0.367     0.891     0.403      0.77
      6/69     10.6G     0.897     0.364     0.682      1.94       201       608     0.376     0.573     0.491     0.445     0.889     0.384     0.633
      7/69     10.6G      0.88     0.351     0.624      1.85       170       608     0.317     0.596     0.494     0.413     0.879     0.373     0.636
      8/69     10.6G     0.856     0.337     0.571      1.76       180       608     0.321     0.615     0.516     0.419     0.861     0.383     0.689
      9/69     10.6G     0.841     0.327     0.554      1.72       147       608     0.376     0.628     0.536     0.463     0.812      0.35     0.573
     10/69     10.6G     0.825      0.32     0.503      1.65       175       608     0.377     0.621     0.536     0.466     0.818     0.356     0.612
     11/69     10.6G     0.805     0.304     0.468      1.58       208       608     0.351      0.64     0.552     0.452     0.809     0.331      0.53
     12/69     10.6G     0.796     0.299     0.459      1.55       168       608     0.344      0.65     0.566     0.446     0.813     0.325     0.577
     13/69     10.6G     0.788     0.298     0.469      1.56       131       608     0.385     0.625     0.548     0.473     0.814     0.325     0.534
     14/69     10.6G     0.781     0.293      0.44      1.51       132       608     0.414     0.633     0.555     0.495       0.8     0.325     0.545
     15/69     10.6G     0.776     0.293     0.418      1.49       190       608     0.334      0.64     0.543      0.43     0.765     0.327     0.526
     16/69     10.6G     0.762     0.286     0.424      1.47       210       608     0.401     0.642     0.563      0.49     0.762     0.316     0.526
     17/69     10.6G     0.759     0.281     0.407      1.45       138       608     0.395      0.66     0.583     0.492     0.764     0.317     0.523
     18/69     10.6G     0.745     0.273     0.391      1.41       196       608     0.384     0.659     0.574     0.481     0.756     0.309     0.563
     19/69     10.6G     0.741     0.272     0.377      1.39       131       608     0.444     0.649     0.581     0.524     0.745       0.3     0.545
     20/69     10.6G     0.744     0.272     0.355      1.37       169       608     0.423     0.674     0.592     0.511      0.77     0.307     0.532
     21/69     10.6G      0.73     0.261     0.364      1.36       166       608     0.405     0.678     0.603     0.503     0.743     0.296      0.51
     22/69     10.6G     0.727     0.259     0.324      1.31       146       608     0.366     0.691     0.595     0.472     0.739     0.298     0.508
     23/69     10.6G     0.727     0.264     0.355      1.35       167       608      0.39     0.683     0.604     0.492     0.759     0.301     0.514
     24/69     10.6G     0.728     0.266     0.358      1.35       182       608     0.394     0.683     0.605     0.495     0.756     0.297     0.507
     25/69     10.6G     0.722     0.262     0.333      1.32       183       608     0.498     0.693     0.613     0.548     0.727     0.297      0.55
     26/69     10.6G     0.712     0.256     0.347      1.31       122       608     0.464      0.71     0.637     0.544     0.748     0.294     0.523
     27/69     10.6G     0.712     0.255     0.344      1.31       212       608     0.447     0.701     0.626     0.509      0.72     0.295     0.514
     28/69     10.6G     0.711     0.257     0.344      1.31       166       608     0.498     0.735     0.659      0.58     0.747     0.289     0.498
     29/69     10.6G     0.703     0.247     0.299      1.25       195       608     0.486     0.727     0.654     0.564     0.694     0.283     0.537
     30/69     10.6G     0.696     0.249     0.306      1.25       198       608     0.478     0.717     0.645     0.555     0.701      0.29     0.499
     31/69     10.6G     0.695     0.243       0.3      1.24       136       608     0.417     0.742     0.665     0.529     0.684     0.281     0.497
     32/69     10.6G     0.695     0.244      0.31      1.25       167       608     0.443     0.737     0.666     0.537     0.711     0.287     0.518
     33/69     10.6G     0.693     0.244     0.298      1.24       152       608     0.503     0.722     0.655     0.585     0.703     0.287       0.5
     34/69     10.6G     0.685     0.241     0.271       1.2       134       608     0.483     0.742     0.669     0.579     0.709     0.278     0.518
     35/69     10.6G     0.687     0.242      0.29      1.22       185       608     0.443     0.743     0.665      0.55     0.693     0.286     0.512
     36/69     10.6G     0.682      0.24     0.296      1.22       208       608     0.537     0.732     0.663     0.615      0.71     0.278     0.488
     37/69     10.6G     0.677     0.234     0.272      1.18       184       608     0.488     0.732      0.66     0.565     0.677     0.274     0.513
     38/69     10.6G     0.673     0.229     0.259      1.16       162       608     0.534      0.72     0.643     0.599     0.701     0.279     0.553
     39/69     10.6G     0.674     0.232     0.263      1.17       137       608     0.468     0.753     0.667     0.572     0.725      0.27     0.487
     40/69     10.6G      0.67     0.233     0.273      1.18       195       608     0.445     0.736     0.661     0.548      0.68     0.274     0.492
     41/69     10.6G     0.673     0.236     0.262      1.17       145       608     0.487     0.756     0.683     0.588     0.666     0.272     0.509
     42/69     10.6G     0.666     0.228     0.266      1.16       195       608     0.468     0.741     0.672     0.569     0.663     0.268     0.503
     43/69     10.6G     0.663     0.229     0.269      1.16       172       608      0.51     0.744      0.68       0.6     0.683     0.267     0.499
     44/69     10.6G     0.665     0.229     0.263      1.16       193       608     0.467     0.762      0.69     0.574     0.668     0.268     0.545
     45/69     10.6G     0.663     0.227     0.245      1.14       183       608     0.517      0.75     0.684     0.609     0.672     0.271     0.511
     46/69     10.6G     0.659     0.223     0.235      1.12       177       608      0.48     0.758     0.689     0.581     0.664     0.263     0.494
     47/69     10.6G     0.658     0.228     0.256      1.14       196       608     0.454     0.739     0.674     0.557     0.689     0.271     0.529
     48/69     10.6G     0.659     0.227     0.249      1.13       165       608     0.455     0.756     0.685     0.559     0.679     0.271     0.501
     49/69     10.6G     0.657     0.225     0.248      1.13       147       608     0.494     0.736     0.661     0.584     0.671     0.273     0.521
     50/69     10.6G     0.652     0.221     0.215      1.09       157       608     0.496     0.753     0.691     0.594     0.684     0.265     0.547
     51/69     10.6G     0.652     0.224     0.249      1.12       159       608     0.437     0.759     0.684     0.546      0.67     0.275     0.511
     52/69     10.6G     0.651     0.222     0.246      1.12       161       608     0.466      0.75     0.683      0.57     0.677     0.264     0.533
     53/69     10.6G     0.654     0.222     0.238      1.11       147       608     0.463     0.753     0.672     0.567     0.673      0.27     0.525
     54/69     10.6G     0.649     0.219     0.228       1.1       207       608     0.477     0.743     0.676     0.577     0.676     0.269     0.524
     55/69     10.6G     0.648     0.221     0.244      1.11       210       608     0.446     0.762     0.691     0.556     0.676     0.263     0.538
     56/69     10.6G     0.651     0.222     0.247      1.12       204       608       0.5     0.757     0.692     0.596     0.669     0.268     0.529
     57/69     10.6G     0.592     0.211     0.206      1.01       180       608     0.512     0.772     0.713     0.613       0.6     0.249     0.509
     58/69     10.6G     0.575     0.204     0.185     0.965       135       608     0.514     0.776     0.716     0.614     0.595     0.245     0.507
     59/69     10.6G     0.568     0.198      0.16     0.926       184       608     0.515     0.776     0.716     0.617     0.592     0.245      0.52
     60/69     10.6G     0.565     0.195     0.158     0.918       128       608     0.513     0.778     0.721     0.615      0.59     0.243     0.534
     61/69     10.6G     0.562     0.195     0.145     0.902       148       608     0.521     0.775     0.717      0.62     0.587      0.24     0.527
     62/69     10.6G      0.56     0.193     0.146     0.898       160       608     0.527     0.777     0.721     0.625     0.586      0.24     0.535
     63/69     10.6G     0.557     0.192     0.133     0.882       202       608     0.523      0.78     0.722     0.622     0.587     0.241     0.555
     64/69     10.6G     0.553     0.192     0.145     0.891       180       608     0.523      0.78     0.724     0.623     0.581      0.24     0.552
     65/69     10.6G     0.551      0.19     0.145     0.886       187       608      0.52     0.778     0.721      0.62      0.58     0.239     0.552
     66/69     10.6G     0.551     0.191      0.14     0.882       196       608     0.521     0.778     0.722      0.62     0.581     0.239      0.55
     67/69     10.6G     0.552      0.19     0.131     0.872       177       608     0.523     0.779     0.723     0.622     0.581     0.239     0.551
     68/69     10.6G     0.551     0.189     0.128     0.868       138       608     0.518      0.78     0.724     0.618      0.58     0.238     0.553
     69/69     10.6G     0.551      0.19     0.129     0.869       159       608     0.116     0.866     0.745       0.2     0.579     0.238     0.548
